86.43698211949412
98.99694723070213
99.73833406018316
99.56389010030527
99.9563890100305
99.99999999999999
99.91277802006105
99.99999999999999
99.99999999999999
99.99999999999999
99.99999999999999
99.99999999999999
99.99999999999999
99.99999999999999
99.99999999999999
99.99999999999999
99.99999999999999
99.99999999999999
99.99999999999999
99.99999999999999
99.99999999999999
99.99999999999999
99.99999999999999
99.99999999999999
99.99999999999999
99.99999999999999
99.99999999999999
99.99999999999999
99.99999999999999
99.99999999999999
99.99999999999999
99.99999999999999
99.99999999999999
99.99999999999999
99.99999999999999
99.99999999999999
99.99999999999999
99.99999999999999
99.99999999999999
99.99999999999999
99.99999999999999
99.99999999999999
99.99999999999999
99.99999999999999
99.99999999999999
99.99999999999999
99.99999999999999
99.99999999999999
99.99999999999999
99.99999999999999
99.99999999999999
99.99999999999999
99.99999999999999
99.99999999999999
99.99999999999999
99.99999999999999
99.99999999999999
99.99999999999999
99.99999999999999
99.99999999999999
99.99999999999999
99.99999999999999
99.99999999999999
99.99999999999999
99.99999999999999
99.99999999999999
99.99999999999999
99.99999999999999
99.99999999999999
99.99999999999999
99.99999999999999
99.99999999999999
99.99999999999999
99.99999999999999
99.99999999999999
99.99999999999999
99.99999999999999
99.99999999999999
99.99999999999999
99.99999999999999
99.99999999999999
99.99999999999999
99.99999999999999
99.99999999999999
99.99999999999999
99.99999999999999
99.99999999999999
99.99999999999999
99.99999999999999
99.99999999999999
99.99999999999999
99.99999999999999
99.99999999999999
99.99999999999999
99.99999999999999
99.99999999999999
99.99999999999999
99.99999999999999
99.99999999999999
99.99999999999999
99.99999999999999
99.99999999999999
99.99999999999999
99.99999999999999
99.99999999999999
99.99999999999999
99.99999999999999
99.99999999999999
99.99999999999999
99.99999999999999
99.99999999999999
99.99999999999999
99.99999999999999
99.99999999999999
99.99999999999999
99.99999999999999
99.99999999999999
99.99999999999999
99.99999999999999
99.99999999999999
99.99999999999999
99.99999999999999
99.99999999999999
99.99999999999999
99.99999999999999
99.99999999999999
99.99999999999999
99.99999999999999
99.99999999999999
99.99999999999999
99.99999999999999
99.99999999999999
99.99999999999999
99.99999999999999
99.99999999999999
99.99999999999999
99.99999999999999
99.99999999999999
99.99999999999999
99.99999999999999
99.99999999999999
99.99999999999999
99.99999999999999
99.99999999999999
99.99999999999999
99.99999999999999
99.99999999999999
99.99999999999999
99.99999999999999
99.99999999999999
99.99999999999999
99.99999999999999
99.99999999999999
99.99999999999999
99.99999999999999
99.99999999999999
99.99999999999999
99.99999999999999
99.99999999999999
99.99999999999999
99.99999999999999
99.99999999999999
99.99999999999999
99.99999999999999
99.99999999999999
99.99999999999999
99.99999999999999
99.99999999999999
99.99999999999999
99.99999999999999
99.99999999999999
99.99999999999999
99.99999999999999
99.99999999999999
99.99999999999999
99.99999999999999
99.99999999999999
99.99999999999999
99.99999999999999
99.99999999999999
99.99999999999999
99.99999999999999
99.99999999999999
99.99999999999999
99.99999999999999
99.99999999999999
99.99999999999999
99.99999999999999
99.99999999999999
99.99999999999999
99.99999999999999
99.99999999999999
99.99999999999999
99.99999999999999
99.99999999999999
99.99999999999999
99.99999999999999
99.99999999999999
99.99999999999999
99.99999999999999
